(ESBTL-DEBUG) Lines read 5385
PHI 	 PSI 	 OMEGA
nan 	 -85.5343 	 165.727
-47.6674 	 -59.7314 	 -177.874
-49.9539 	 -53.8844 	 -169.675
-71.5429 	 -31.1841 	 171.309
-65.448 	 -40.1295 	 -175.924
-69.0908 	 -29.4656 	 174.187
-69.9344 	 -43.7904 	 177.017
-55.7322 	 -56.8454 	 178.116
-49.8791 	 -47.4158 	 179.264
-66.5322 	 -43.5707 	 177.699
-54.1623 	 -42.4135 	 -175.241
-69.4265 	 -60.0724 	 175.201
-51.4748 	 -33.33 	 -178.558
-79.2718 	 -42.2579 	 178.846
-66.6594 	 -37.1708 	 -175.883
-78.4871 	 -43.1629 	 169.119
-43.7082 	 -38.6013 	 179.667
-71.9741 	 -32.8875 	 173.316
-65.1325 	 -45.5613 	 -176.598
-61.0964 	 -35.2314 	 -179.459
-93.2585 	 -6.45306 	 172.859
-95.1292 	 -51.8445 	 -174.507
-70.6798 	 -34.8563 	 179.487
-108.469 	 0.947688 	 179.126
66.2635 	 36.9259 	 -179.051
-91.8854 	 147.066 	 170.08
-110.854 	 141.754 	 176.883
-73.0706 	 157.529 	 -163.62
-157.728 	 146.153 	 174.648
-73.2088 	 143.434 	 -169.777
-126.319 	 148.257 	 174.28
-70.1237 	 160.774 	 164.95
-116.959 	 -23.1608 	 -177.477
-107.992 	 143.886 	 179.135
-125.413 	 135.935 	 177.679
-81.3548 	 128.362 	 -178.739
-70.2634 	 115.112 	 173.359
117.078 	 -0.0647425 	 -179.814
-104.936 	 -9.55617 	 169.7
81.7474 	 13.1913 	 175.154
-88.9884 	 -11.0563 	 177.819
-80.2667 	 129.422 	 174.58
-72.4265 	 117.405 	 -168.796
-90.1293 	 -14.4519 	 -178.494
63.2439 	 -121.836 	 173.694
-69.2649 	 -31.2656 	 -172.875
98.2768 	 10.5673 	 177.839
-104.467 	 -39.0935 	 -177.308
-66.8984 	 118.708 	 170.921
-84.7989 	 125.788 	 174.502
-83.4541 	 169.332 	 -176.985
-66.183 	 122.364 	 175.802
-78.9875 	 137.539 	 170.751
-135.16 	 131.563 	 178.503
-103.891 	 97.9715 	 172.342
-66.3378 	 123.239 	 -165.779
-75.0526 	 -39.3482 	 176.27
-75.8847 	 -0.8917 	 176.191
-124.341 	 61.3327 	 -160.531
-68.2787 	 -29.0041 	 176.691
-66.7135 	 -27.5066 	 -171.914
-105.309 	 157.573 	 176.51
-113.064 	 145.467 	 -178.8
-133.76 	 163.279 	 -167.664
-154.773 	 139.919 	 176.816
-71.7124 	 128.104 	 -178.234
-60.5565 	 131.092 	 172.464
-77.03 	 -33.7489 	 168.392
-171.92 	 172.654 	 -175.954
-103.34 	 27.0501 	 -172.396
-47.6906 	 -51.801 	 -177.874
-86.302 	 -26.5221 	 179.398
-65.43 	 -40.2001 	 -177.837
-55.9831 	 -34.9888 	 -170.768
-83.0216 	 -31.2704 	 176.676
-66.5207 	 -38.0769 	 -177.901
-67.0235 	 -44.6538 	 178.928
-59.971 	 -18.8606 	 -171.58
-104.08 	 -37.7941 	 172.41
-61.7703 	 -28.7534 	 -178.503
-116.767 	 11.2394 	 168.373
44.5689 	 69.6045 	 168.02
-75.4089 	 158.02 	 -178.656
-100.52 	 -171.861 	 -172.21
-75.3046 	 124.109 	 -176.774
108.566 	 -10.7063 	 -168.11
-114.601 	 140.423 	 176.896
-158.869 	 -176.328 	 178.741
-116.206 	 162.468 	 158.98
-136.608 	 162.383 	 -178.095
-138.104 	 144.255 	 166.035
-77.5325 	 87.0789 	 -165.812
-87.4328 	 127.439 	 176.721
-112.524 	 128.333 	 -177.779
-139.537 	 162.161 	 178.64
-123.072 	 126 	 179.174
-125.24 	 78.0936 	 -168.953
-66.3165 	 -21.2865 	 -173.678
-95.7665 	 0.819084 	 163.57
-41.8802 	 139.246 	 -161.924
-96.5077 	 -54.3415 	 170.334
-113.759 	 121.367 	 168.271
-80.6791 	 112.623 	 -179.977
-106.663 	 -171.563 	 158.399
-64.4856 	 7.95911 	 -169.029
-126.181 	 -41.0248 	 -169.932
-109.535 	 126.831 	 167.013
-112.961 	 164.239 	 171.344
-72.2631 	 -23.6722 	 -175.05
-107.335 	 116.391 	 -168.009
-116.273 	 119.297 	 172.802
-108.9 	 157.538 	 -176.574
-155.918 	 148.331 	 156.008
-84.148 	 89.4086 	 -173.648
-89.9617 	 107.427 	 -167.155
-128.224 	 173.04 	 -168.232
-171.927 	 141.028 	 -173.214
-146.658 	 143.933 	 -174.925
-89.4014 	 118.233 	 -177.483
-77.0973 	 157.779 	 177.012
-80.8496 	 179.145 	 168.201
-75.7238 	 135.169 	 177.119
82.1613 	 18.2 	 -174.003
-108.972 	 -0.58314 	 178.808
-78.6515 	 71.8974 	 172.435
-152.764 	 176.497 	 -169.039
-72.0418 	 -38.145 	 175.753
-50.9464 	 -34.2151 	 172.933
-66.8375 	 -43.314 	 176.187
-63.9637 	 -35.6302 	 -176.763
-66.7469 	 -51.643 	 -173.776
-78.3443 	 -30.1689 	 169.934
-55.6542 	 -43.2714 	 174.646
-69.5909 	 -28.0799 	 174.504
-67.5265 	 -37.9684 	 -174.568
-73.6166 	 -40.7698 	 173.331
-60.0092 	 -45.0594 	 -176.592
-65.9112 	 -31.221 	 -178.524
-77.433 	 -13.5533 	 169.973
-83.9908 	 -41.8853 	 171.119
-54.6267 	 -37.8462 	 -177.111
-76.2693 	 -29.3022 	 -179.069
-75.9291 	 -34.2643 	 176.577
-78.8285 	 -26.1279 	 176.872
-71.4396 	 -40.2346 	 172.962
-64.4525 	 -34.0446 	 -178.561
-78.6802 	 -34.1846 	 173.122
-68.6055 	 -34.9492 	 175.123
-67.5223 	 -49.8836 	 -171.111
-70.2158 	 -24.9632 	 176.729
-88.3895 	 -55.484 	 -171.078
-107.941 	 -3.91581 	 174.581
78.5662 	 27.7465 	 169.766
-87.4681 	 134.224 	 -177.709
-73.7136 	 138.422 	 178.613
-68.5796 	 155.452 	 179.675
-147.821 	 -21.2273 	 -179.968
-68.6668 	 145.569 	 177.224
-62.1779 	 156.647 	 172.185
-66.7132 	 -37.6604 	 -173.421
-116.597 	 139.167 	 162.235
-80.8847 	 155.07 	 -178.491
-119.67 	 143.585 	 -176.607
-110.393 	 107.602 	 -175.095
-131.746 	 120.952 	 178.835
-70.6946 	 149.111 	 -175.432
-63.4646 	 -13.7176 	 -178.844
-80.0421 	 -35.5119 	 179.179
-65.2311 	 -28.5175 	 177.401
-63.8673 	 -40.7511 	 178.798
-62.7451 	 -30.896 	 178.159
-91.0769 	 -25.109 	 175.629
-76.7369 	 -48.7633 	 -168.449
-126.048 	 70.8619 	 -155.802
-86.5895 	 -3.50611 	 175.325
-97.7993 	 -1.02009 	 -167.628
-114.633 	 150.127 	 173.328
-75.5271 	 -179.523 	 -173.057
-66.5333 	 -38.0748 	 172.646
-60.8308 	 -52.8992 	 179.492
-66.2869 	 -16.6151 	 178.354
-94.1623 	 -34.0144 	 167.048
-57.6684 	 -46.311 	 -167.338
-76.3779 	 -31.7217 	 177.878
-78.6578 	 -39.7482 	 179.078
-63.2311 	 -36.456 	 177.33
-69.0537 	 -48.0654 	 175.984
-61.5637 	 -34.2455 	 -171.331
-80.7691 	 -36.9009 	 -173.421
-104.373 	 -28.8945 	 -176.571
89.3155 	 -40.4106 	 -179.409
-152.335 	 104.187 	 177.169
-115.091 	 136.823 	 157.24
-94.9424 	 104.525 	 -178.998
-83.2209 	 111.786 	 -174.807
-86.1506 	 148.251 	 172.802
76.4473 	 69.5136 	 179.62
-117.463 	 117.848 	 -177.242
135.682 	 -28.6271 	 178.006
-84.7495 	 159.601 	 174.369
-78.9327 	 141.078 	 -177.009
-102.228 	 -152.974 	 -178.264
-62.0895 	 -51.4371 	 168.377
-59.7827 	 -163.745 	 -177.583
-80.3511 	 -5.05622 	 -154.668
-128.436 	 161.993 	 171.987
-89.0578 	 144.719 	 177.934
-53.5749 	 -43.2137 	 167.989
-158.63 	 158.517 	 177.631
-61.9163 	 148.279 	 177.073
-153.54 	 146.819 	 178.589
-69.3212 	 149.087 	 178.653
-73.3854 	 -35.9889 	 -156.515
-81.126 	 0.682285 	 179.447
-143.084 	 -46.1809 	 175.744
-77.236 	 143.017 	 165.719
-94.4756 	 111.106 	 177.867
-120.539 	 8.93687 	 -179.083
-122.683 	 1.74157 	 -178.948
-94.8845 	 125.766 	 -175.631
-72.5573 	 127.617 	 -176.283
-107.496 	 175.342 	 170.003
-49.1363 	 -13.5109 	 174.885
-73.3861 	 -5.51787 	 -176.217
78.5096 	 -29.6346 	 -179.046
-103.329 	 158.154 	 -176.274
-75.3768 	 147.11 	 170.596
124.404 	 118.777 	 177.588
-108.087 	 31.7948 	 -177.436
-137.536 	 -176.041 	 171.771
174.246 	 177.389 	 173.573
-109.299 	 142.306 	 164.434
-92.2838 	 107.911 	 173.021
-101.915 	 132.917 	 170.954
-118.666 	 166.728 	 163.337
-90.5367 	 118.481 	 169.823
-98.8397 	 109.464 	 -176.764
-72.0961 	 -24.3679 	 -178.062
-71.4984 	 -38.0822 	 176.148
-97.7798 	 -7.4835 	 -178.292
54.004 	 62.6042 	 -174.157
-168.356 	 157.533 	 164.026
-58.6025 	 141.569 	 -171.01
-138.839 	 119.427 	 -176.674
-89.8387 	 118.456 	 175.807
-82.3163 	 -65.164 	 -170.269
-121.297 	 162.435 	 163.7
-136.478 	 126.485 	 -171.068
-155.276 	 175.208 	 164.445
167.084 	 174.23 	 168.86
-63.8089 	 138.695 	 -170.132
-82.9815 	 148.013 	 169.834
-50.4036 	 128.855 	 161.86
-85.1973 	 -172.428 	 -177.799
-63.534 	 -47.8457 	 -175.878
-71.2036 	 -36.1616 	 173.5
-75.4793 	 -30.1445 	 171.296
-55.8948 	 -49.6424 	 -177.731
-65.4287 	 -36.0445 	 -178.608
-64.114 	 -48.7769 	 -168.695
-78.5925 	 -42.8588 	 170.797
-42.3264 	 -39.3591 	 -177.56
-76.7592 	 -34.0628 	 177.099
-69.4097 	 -13.9677 	 -178.206
-119.201 	 -2.61224 	 -179.51
75.9808 	 31.6773 	 -178.412
-117.507 	 41.4694 	 -172.786
-74.6933 	 -25.6551 	 174.618
-59.773 	 -20.8463 	 177.58
-68.9748 	 -16.3205 	 177.25
-59.9417 	 -26.4917 	 -174.587
-81.8562 	 -26.247 	 -172.546
-68.9895 	 163.055 	 -167.523
-65.6694 	 -35.9996 	 179.303
-66.3146 	 -44.0304 	 -170.078
-70.2415 	 -33.4715 	 168.732
-60.3798 	 -44.7453 	 -177.043
-64.4408 	 -38.4373 	 173.871
-62.7926 	 -45.925 	 -176.519
-74.6734 	 -6.76438 	 176.693
-103.889 	 -9.10977 	 -174.061
76.3762 	 37.7677 	 176.246
-88.9562 	 -27.9505 	 172.344
-94.0971 	 150.899 	 173.672
-82.4307 	 174.534 	 168.503
-80.9414 	 121.677 	 -176.249
-130.931 	 155.619 	 169.823
-114.732 	 119.159 	 -171.448
-133.565 	 178.831 	 -175.489
-178.564 	 167.32 	 168.93
-128.093 	 137.136 	 176.614
-117.636 	 124.668 	 172.853
-55.4592 	 123.533 	 179.221
-75.9571 	 -52.4319 	 177.37
-67.8731 	 -39.1032 	 172.424
-55.2277 	 -49.6452 	 178.743
-67.6129 	 -34.5827 	 -176.272
-68.5595 	 -53.1838 	 176.012
-59.6715 	 -34.4528 	 -179.748
-61.4637 	 -46.4955 	 -173.356
-83.2042 	 -18.262 	 -178.818
-103.784 	 7.49469 	 178.354
57.4651 	 34.4301 	 -176.002
-95.0383 	 137.322 	 -167.269
-86.9899 	 -8.98778 	 173.253
-142.498 	 138.412 	 -172.597
-63.6534 	 -30.2041 	 -177.333
-77.8736 	 -0.253707 	 169.946
-81.5329 	 -9.44278 	 178.359
-116.079 	 5.81418 	 -164.618
-157.44 	 143.463 	 171.994
-91.0514 	 100.808 	 174.087
-123.316 	 -170.968 	 171.35
-110.913 	 148.346 	 -170.826
-141.519 	 159.109 	 169.692
-74.8957 	 159.705 	 -171.018
-55.9448 	 -26.4222 	 -173.676
-72.1135 	 -43.3711 	 179.534
-83.5699 	 -20.2994 	 168.853
-70.5171 	 -34.7225 	 174.871
-68.7493 	 -43.0149 	 -165.708
-100.294 	 -18.0822 	 -175.755
-118.517 	 112.897 	 -173.694
-78.5041 	 172.378 	 170.462
58.5739 	 27.6501 	 171.958
-74.8928 	 129.967 	 175.851
-74.6884 	 -80.0887 	 -126.807
118.772 	 nan 	 nan
