(ESBTL-DEBUG) Lines read 5385
PHI 	 PSI 	 OMEGA
nan 	 157.899 	 167.188
-41.6182 	 -56.8012 	 -178.723
-55.4702 	 -51.1328 	 179.278
-54.4309 	 -58.3428 	 175.604
-54.3152 	 -39.2709 	 -179.887
-61.377 	 -33.5304 	 -175.684
-86.1417 	 -32.3448 	 163.767
-52.8859 	 -57.283 	 -177.64
-53.7674 	 -50.48 	 179.65
-55.6907 	 -41.7182 	 -179.559
-64.6404 	 -44.8966 	 179.338
-61.0513 	 -54.2031 	 -175.154
-62.4884 	 -29.8635 	 -175.526
-80.4764 	 -53.6456 	 -179.519
-53.3789 	 -50.3366 	 -179.409
-67.3384 	 -28.8149 	 172.173
-57.8318 	 -42.9076 	 176.171
-70.4425 	 -32.8654 	 174.694
-59.1286 	 -34.2941 	 -177.23
-75.0513 	 -35.6545 	 -174.541
-74.6604 	 -37.5506 	 -171.961
-87.5762 	 -40.5168 	 178.456
-75.4491 	 -28.8639 	 -175.692
-123.516 	 0.262718 	 174.398
61.8302 	 44.2776 	 178.72
-104.161 	 137.586 	 171.403
-102.191 	 152.917 	 176.928
-76.5774 	 134.051 	 178.079
-124.315 	 155.11 	 178.49
-73.8221 	 129.101 	 -174.106
-86.9816 	 137.645 	 155.116
-63.3138 	 164.026 	 170.726
-128.684 	 -27.8944 	 175.636
-106.764 	 164.956 	 169.825
-148.509 	 151.046 	 -179.617
-81.0493 	 137.007 	 174.551
-70.7119 	 132.436 	 173.604
107.27 	 -8.50142 	 -170.216
-106.055 	 14.1631 	 173.19
71.2274 	 -8.65238 	 -173.063
-95.2552 	 14.2809 	 177.557
-101.841 	 132.447 	 173.508
-72.6895 	 108.483 	 -170.585
-89.3078 	 -8.50249 	 175.364
64.5788 	 -130.175 	 175.991
-65.7302 	 -13.0821 	 -171.217
82.0549 	 0.69052 	 -178.409
-102.322 	 -16.217 	 -166.986
-97.2131 	 113.879 	 170.683
-70.1368 	 135.35 	 -178.933
-95.2841 	 173.54 	 177.272
-71.0647 	 114.477 	 173.122
-77.3367 	 128.691 	 162.701
-113.013 	 136.967 	 167.162
-99.0362 	 117.356 	 172.313
-88.0331 	 120.714 	 -171.294
-77.5954 	 -24.1249 	 173.059
-73.4603 	 -23.2993 	 -173.907
-123.082 	 64.8905 	 -154.934
-72.7859 	 -19.667 	 -179.025
-107.833 	 22.9424 	 169.854
-120.237 	 155.555 	 174.322
-113.392 	 143.522 	 -176.747
-134.966 	 152.516 	 -178.374
-136.377 	 155.61 	 168.255
-83.0782 	 144.931 	 -170.788
-79.2377 	 148.348 	 169.096
-83.3445 	 -33.3716 	 171.37
176.605 	 164.067 	 -170.801
-90.1818 	 21.1215 	 -174.9
-36.5287 	 -50.1757 	 -176.637
-92.4247 	 -35.763 	 177.265
-51.8356 	 -35.9607 	 -175.549
-73.055 	 -36.7288 	 176.567
-73.0512 	 -37.7015 	 175.4
-63.1743 	 -41.6106 	 -179.397
-65.9991 	 -35.8255 	 179.728
-71.9375 	 -40.6782 	 176.926
-64.2013 	 -40.2657 	 -177.432
-67.5178 	 -43.0279 	 178.61
-94.9907 	 12.5082 	 157.802
61.593 	 48.7204 	 177.072
-68.1534 	 146.063 	 -178.927
-94.7887 	 179.667 	 -172.483
-84.4827 	 133.025 	 -176.334
96.0644 	 0.847992 	 -176.701
-117.907 	 135.94 	 -177.841
-147.215 	 175.779 	 178.103
-123.882 	 158.771 	 167.382
-142.965 	 153.588 	 177.428
-126.797 	 162.8 	 160.083
-90.1316 	 89.67 	 -175.595
-75.2633 	 132.283 	 168.072
-112.752 	 139.403 	 178.526
-150.395 	 155.691 	 176.685
-111.402 	 131.069 	 -179.601
-126.633 	 80.9234 	 -174.926
-75.3601 	 -2.09122 	 178.189
-110.365 	 13.0171 	 162.407
-52.9065 	 137.857 	 -167.146
-89.6773 	 -43.5903 	 174.287
-129.405 	 118.828 	 163.64
-71.1634 	 139.833 	 -167.658
-157.465 	 -177.619 	 171.371
-52.944 	 -13.7078 	 -176.729
-114.647 	 -38.4335 	 -166.913
-101.519 	 125.71 	 168.613
-113.976 	 167.962 	 162.194
-76.5072 	 -26.0087 	 -178.541
-93.303 	 105.887 	 -175.833
-106.679 	 119.289 	 176.209
-115.912 	 148.124 	 -173.768
-150.61 	 143.795 	 150.193
-72.4609 	 98.2292 	 -178.02
-95.7439 	 114.78 	 -170.542
-129.133 	 157.763 	 171.91
-149.503 	 150.207 	 178.98
-140.912 	 136.227 	 -179.251
-78.2896 	 137.32 	 179.901
-96.2748 	 157.733 	 177.346
-109.326 	 -173.168 	 178.843
-60.5246 	 124.676 	 175.35
76.502 	 24.1778 	 172.408
-99.7292 	 -4.12585 	 -175.233
-80.5214 	 66.4071 	 -178.622
-157.678 	 165.689 	 -169.893
-62.5414 	 -35.4247 	 -177.652
-56.1427 	 -28.3964 	 -179.701
-71.9786 	 -39.1125 	 176.512
-66.7517 	 -50.3732 	 177.421
-55.2353 	 -43.5422 	 -172.652
-71.8629 	 -47.0964 	 175.26
-56.7014 	 -46.4317 	 177.578
-57.4822 	 -33.6119 	 -174.293
-77.1084 	 -37.5312 	 -178.797
-62.1322 	 -45.751 	 175.353
-57.7775 	 -39.0092 	 178.093
-67.7042 	 -36.5764 	 168.093
-70.3526 	 -21.4657 	 175.067
-74.0222 	 -41.3552 	 177.82
-66.6155 	 -47.8802 	 -173.965
-66.5912 	 -34.3968 	 168.222
-52.3236 	 -53.5329 	 -178.438
-66.0588 	 -30.5896 	 179.716
-71.731 	 -29.3617 	 178.992
-79.4478 	 -34.626 	 -176.828
-67.8365 	 -43.5735 	 171.063
-59.9397 	 -39.5257 	 -173.655
-67.1308 	 1.09248 	 178.816
-140.751 	 -12.5824 	 167.547
-75.4351 	 -48.7441 	 -171.755
-115.059 	 13.8843 	 174.428
62.1516 	 15.6296 	 -174.261
-80.0058 	 121.65 	 -177.849
-69.0864 	 131.879 	 -170.856
-85.0292 	 154.366 	 -163.29
-148.401 	 -18.5824 	 -178.654
-69.4853 	 146.558 	 173.255
-57.1723 	 149.588 	 -177.575
-71.4706 	 -24.185 	 175.119
-144.532 	 153.508 	 178.913
-99.1902 	 150.731 	 -174.786
-117.737 	 149.786 	 -179.939
-106.639 	 123.058 	 177.863
-131.854 	 124.906 	 175.511
-71.6957 	 145.895 	 -176.289
-61.619 	 -32.5242 	 178.894
-67.7336 	 -31.1725 	 177.66
-87.8045 	 -15.5249 	 164.573
-66.879 	 -49.3081 	 178.092
-60.3616 	 -31.9703 	 171.159
-69.0167 	 -41.6464 	 -175.388
-78.9283 	 -20.12 	 -178.329
-147.015 	 65.7202 	 -167.96
-76.0619 	 -31.4013 	 -178.113
-70.1786 	 -44.1985 	 173.625
-63.322 	 153.876 	 173.721
-82.6453 	 171.223 	 -176.887
-45.2384 	 -53.4055 	 -176.412
-70.6168 	 -27.5417 	 175.751
-78.6866 	 -22.9932 	 176.615
-73.7493 	 -37.0046 	 179.002
-70.8745 	 -38.0587 	 173.87
-60.8319 	 -41.7944 	 -177.182
-64.5722 	 -53.1282 	 179.15
-61.051 	 -31.6942 	 -176.916
-71.2025 	 -38.8801 	 176.533
-72.6877 	 -35.5156 	 176.793
-65.1173 	 -47.8782 	 -160.928
-108.554 	 -28.1733 	 -178.875
83.4299 	 -24.4718 	 -176.232
-165.86 	 100.77 	 -178.145
-118.667 	 129.074 	 159.382
-86.2797 	 111.466 	 -174.187
-92.9555 	 102.379 	 -173.273
-76.7394 	 145.453 	 170.067
81.6807 	 55.8354 	 -176.779
-101.192 	 100.371 	 177.454
148.39 	 -32.097 	 178.283
-88.7174 	 155.005 	 -178.065
-75.3053 	 125.069 	 -179.579
-84.3947 	 -172.673 	 -167.271
-58.7791 	 -29.8171 	 165.984
-71.1591 	 -134.358 	 -179.917
-140.517 	 39.2892 	 -177.255
-137.674 	 133.446 	 162.611
-62.8195 	 162.563 	 -172.65
-78.6106 	 -52.6281 	 159.878
-139.872 	 144.916 	 175.273
-48.4527 	 140.811 	 171.016
-144.292 	 142.424 	 -177.409
-64.7446 	 146.038 	 -177.253
-63.7656 	 -29.1818 	 -153.366
-108.031 	 2.25244 	 168.522
-123.149 	 -39.8861 	 -176.285
-94.4196 	 140.54 	 175.762
-90.6196 	 103.534 	 178.455
-111.311 	 23.2452 	 -169.39
-142.685 	 -11.7687 	 175.125
-81.4083 	 130.171 	 179.964
-65.2938 	 132.292 	 179.562
-96.298 	 169.429 	 168.153
-67.3949 	 -0.125444 	 171.861
-74.8729 	 -22.1734 	 178.288
113.026 	 -17.3711 	 -174.559
-132.591 	 176.579 	 -172.836
-80.2261 	 136.573 	 170.909
121.569 	 132.045 	 173.828
-112.141 	 35.8811 	 179.648
-136.825 	 174.181 	 172.791
175.586 	 -172.738 	 177.167
-117.311 	 152.155 	 160.798
-91.0537 	 128.83 	 -173.53
-134.539 	 135.747 	 174.336
-128.976 	 165.509 	 164.444
-79.9435 	 116.602 	 167.492
-90.4141 	 111.806 	 -178.527
-80.7306 	 -17.1045 	 170.845
-75.0458 	 -41.5596 	 175.543
-83.0775 	 -8.93691 	 -167.293
39.0465 	 46.876 	 177.877
-150.513 	 172.73 	 172.681
-73.8951 	 145.159 	 -168.88
-130.671 	 109.249 	 176.075
-79.1138 	 122.033 	 -172.823
-100.021 	 -32.9443 	 -166.827
-168.09 	 154.187 	 172.079
-131.571 	 126.872 	 177.511
-140.101 	 179.583 	 176.808
164.827 	 152.541 	 174.364
-64.1447 	 139.385 	 -165.836
-87.2832 	 138.074 	 174.842
-41.1269 	 144.952 	 164.686
-109.244 	 -171.934 	 -165.642
-63.7095 	 -36.8158 	 178.787
-80.7705 	 -35.4618 	 175.079
-71.0322 	 -30.2833 	 173.3
-64.3337 	 -40.4141 	 -179.114
-79.5569 	 -23.1463 	 174.451
-76.0184 	 -45.984 	 -172.411
-79.3015 	 -38.2633 	 173.171
-59.7863 	 -33.5471 	 177.013
-76.4506 	 -18.543 	 -179.932
-91.9048 	 -27.2242 	 177.312
-95.2665 	 -0.913174 	 179.635
73.1514 	 29.2914 	 -178.911
-122.844 	 59.3987 	 -179.149
-88.9164 	 4.80438 	 178.251
-81.9299 	 -22.3441 	 174.272
-60.2623 	 -18.1359 	 -175.59
-58.1762 	 -25.8759 	 -176.298
-96.3364 	 9.8428 	 -176.629
-88.6584 	 153.105 	 177.248
-48.6223 	 -54.456 	 -171.321
-70.4124 	 -42.2751 	 -177.694
-70.9503 	 -35.671 	 175.69
-67.2056 	 -39.3971 	 177.134
-71.3427 	 -29.9649 	 172.337
-66.5324 	 -42.1794 	 -178.273
-66.8849 	 -32.1922 	 176.274
-86.8029 	 6.74121 	 178.159
59.2727 	 53.2372 	 175.253
-101.867 	 -3.65396 	 177.685
-116.566 	 151.564 	 173.209
-75.6054 	 169.954 	 164.93
-86.0229 	 127.249 	 -172.777
-130.243 	 161.595 	 158.377
-112.361 	 137.456 	 179.323
-154.28 	 170.385 	 177.224
-177.514 	 176.789 	 -177.52
-122.127 	 122.751 	 174.568
-103.103 	 128.721 	 175.328
-69.5969 	 124.435 	 177.468
-73.1278 	 -45.2549 	 179.201
-75.808 	 -36.3562 	 176.741
-62.8296 	 -36.606 	 176.691
-78.412 	 -42.1007 	 -177.028
-62.3771 	 -44.5684 	 177.678
-65.7712 	 -23.9369 	 -178.316
-76.258 	 -38.351 	 -175.841
-88.3904 	 -23.508 	 -178.695
-92.8505 	 -12.3667 	 165.279
73.0122 	 53.3061 	 -175.983
-117.953 	 143.998 	 -165.973
-90.3738 	 -5.12307 	 174.266
-138.627 	 136.377 	 179.562
-66.2913 	 -25.9432 	 174.863
-62.3566 	 -11.4235 	 -179.188
-89.7038 	 -12.7165 	 176.927
-115.813 	 -4.17455 	 -168.138
-135.642 	 145.572 	 175.259
-102.534 	 99.68 	 -177.875
-137.803 	 -169.745 	 -174.142
-106.374 	 131.104 	 -173.493
-128.259 	 152.386 	 161.831
-55.3867 	 146.601 	 177.85
-53.64 	 -36.3029 	 -175.996
-69.0747 	 -30.7231 	 171.657
-83.0755 	 -32.8707 	 163.59
-54.4217 	 -40.0537 	 177.136
-64.7079 	 -55.6884 	 -166.567
-87.1679 	 -18.729 	 -171.25
-119.117 	 122.653 	 -179.898
-88.7412 	 155.402 	 175.27
72.1927 	 30.6967 	 178.26
-78.0162 	 132.128 	 -174.703
100.292 	 99.2509 	 44.5381
71.5501 	 nan 	 nan
